Identification :	anonyme	 Operateur : 	Régis	 Id tablette : 	612374849	 Id Curseur : 	 ??? 
2019-02-20	 11-46-25
Fichier origine : 	C:\Users\utilisateur\Desktop\lettre a ecriture normale
Nb segments :	1
Seg	 Num	 X /100 mm	 Y /100 mm	 Interv ms	 Time ms	 Tip 	P	 Az 	 Al
0	0	14725	9733	7	7	0	0	315	86
0	1	14725	9733	8	15	0	0	315	86
0	2	14735	9720	7	22	0	0	315	86
0	3	14759	9695	8	30	0	0	315	86
0	4	14799	9694	7	37	0	0	315	86
0	5	14849	9691	8	45	0	0	315	86
0	6	14885	9667	7	52	0	0	315	86
0	7	14926	9667	8	60	0	0	315	86
0	8	14968	9642	7	67	0	0	304	86
0	9	15010	9642	8	75	0	0	315	87
0	10	15055	9642	7	82	0	0	297	88
0	11	15098	9637	8	90	0	0	270	89
0	12	15143	9624	7	97	0	0	0	90
0	13	15189	9605	8	105	0	0	135	89
0	14	15234	9597	7	112	0	0	146	86
0	15	15279	9591	8	120	0	0	141	84
0	16	15323	9586	7	127	0	0	139	81
0	17	15366	9584	8	135	0	0	138	78
0	18	15409	9580	7	142	0	0	138	75
0	19	15450	9579	8	150	0	0	137	73
0	20	15488	9579	7	157	0	0	137	69
0	21	15525	9579	8	165	0	0	137	66
0	22	15558	9579	7	172	0	0	137	63
0	23	15590	9579	8	180	0	0	136	61
0	24	15620	9579	8	188	0	0	135	58
0	25	15645	9579	7	195	0	0	135	55
0	26	15664	9579	8	203	0	0	135	53
0	27	15680	9579	7	210	0	0	133	51
0	28	15685	9575	8	218	0	0	133	48
0	29	15700	9569	7	225	0	0	132	47
0	30	15704	9556	8	233	0	0	131	45
0	31	15708	9537	7	240	0	0	130	43
0	32	15712	9515	8	248	0	0	128	42
0	33	15726	9492	7	255	0	0	126	41
0	34	15731	9489	8	263	0	0	125	40
0	35	15746	9488	7	270	0	0	124	40
0	36	15765	9487	8	278	0	0	122	39
0	37	15786	9483	7	285	0	0	122	39
0	38	15802	9482	8	293	0	0	120	39
0	39	15818	9482	7	300	0	0	120	39
0	40	15834	9482	8	308	0	0	120	39
0	41	15849	9482	7	315	0	0	120	40
0	42	15863	9482	8	323	0	0	121	41
0	43	15876	9482	7	330	0	0	122	41
0	44	15888	9482	8	338	0	0	122	42
0	45	15902	9482	7	345	0	0	122	43
0	46	15916	9482	8	353	0	0	123	44
0	47	15928	9485	7	360	0	0	122	45
0	48	15933	9490	8	368	0	0	123	46
0	49	15933	9496	7	375	0	0	123	47
0	50	15933	9496	16	391	1	38	123	47
0	51	15933	9510	8	399	1	50	123	48
0	52	15933	9520	7	406	1	98	123	48
0	53	15933	9531	8	414	1	157	123	49
0	54	15933	9544	7	421	1	195	123	49
0	55	15933	9557	8	429	1	230	124	50
0	56	15933	9572	7	436	1	267	124	50
0	57	15933	9588	8	444	1	297	124	50
0	58	15935	9607	7	451	1	330	122	50
0	59	15938	9628	8	459	1	351	122	50
0	60	15939	9648	7	466	1	370	122	50
0	61	15939	9670	8	474	1	388	122	50
0	62	15939	9692	7	481	1	403	124	50
0	63	15939	9714	8	489	1	416	124	50
0	64	15939	9738	7	496	1	429	124	50
0	65	15930	9763	8	504	1	440	124	50
0	66	15915	9791	7	511	1	451	124	50
0	67	15895	9818	8	519	1	458	124	50
0	68	15869	9848	7	526	1	468	124	50
0	69	15835	9876	8	534	1	470	124	50
0	70	15794	9903	7	541	1	477	124	50
0	71	15744	9926	8	549	1	481	124	50
0	72	15686	9943	7	556	1	482	124	50
0	73	15618	9952	8	564	1	484	124	50
0	74	15539	9952	7	571	1	486	124	50
0	75	15448	9951	8	579	1	486	124	50
0	76	15348	9924	8	587	1	486	124	50
0	77	15242	9880	7	594	1	487	124	50
0	78	15137	9817	8	602	1	485	123	49
0	79	15039	9735	7	609	1	483	123	49
0	80	14952	9629	8	617	1	485	123	49
0	81	14878	9505	7	624	1	486	123	49
0	82	14819	9368	8	632	1	486	123	49
0	83	14774	9222	7	639	1	487	122	50
0	84	14742	9069	8	647	1	491	122	50
0	85	14720	8910	7	654	1	492	122	50
0	86	14707	8748	8	662	1	493	121	51
0	87	14704	8584	7	669	1	498	121	51
0	88	14704	8421	8	677	1	500	121	51
0	89	14706	8258	7	684	1	501	120	51
0	90	14726	8096	8	692	1	499	120	51
0	91	14752	7944	7	699	1	499	119	51
0	92	14790	7803	8	707	1	499	119	51
0	93	14836	7676	7	714	1	497	117	52
0	94	14890	7565	8	722	1	494	117	52
0	95	14952	7466	7	729	1	493	117	52
0	96	15020	7388	8	737	1	491	117	52
0	97	15093	7331	7	744	1	485	116	52
0	98	15168	7298	8	752	1	482	115	51
0	99	15246	7294	7	759	1	480	115	51
0	100	15326	7303	8	767	1	479	115	51
0	101	15402	7361	7	774	1	479	114	51
0	102	15477	7453	8	782	1	477	114	51
0	103	15551	7574	7	789	1	474	113	51
0	104	15624	7726	8	797	1	473	113	51
0	105	15698	7903	7	804	1	474	113	51
0	106	15772	8098	8	812	1	474	113	51
0	107	15844	8306	8	820	1	474	115	51
0	108	15914	8522	7	827	1	476	115	51
0	109	15983	8738	8	835	1	472	115	51
0	110	16051	8950	7	842	1	470	116	52
0	111	16118	9157	8	850	1	468	117	52
0	112	16180	9349	7	857	1	468	117	52
0	113	16238	9525	8	865	1	471	119	51
0	114	16290	9683	7	872	1	471	120	52
0	115	16332	9817	8	880	1	472	121	52
0	116	16365	9923	7	887	1	474	121	52
0	117	16388	10004	8	895	1	477	122	51
0	118	16400	10061	7	902	1	479	122	51
0	119	16403	10099	8	910	1	485	124	52
0	120	16403	10122	7	917	1	491	124	52
0	121	16403	10133	8	925	1	499	124	52
0	122	16403	10133	7	932	1	501	126	51
0	123	16400	10128	8	940	1	499	126	51
0	124	16389	10089	7	947	1	497	126	51
0	125	16372	10020	8	955	1	497	126	51
0	126	16352	9918	7	962	1	498	126	51
0	127	16333	9790	8	970	1	501	126	51
0	128	16314	9640	7	977	1	505	126	51
0	129	16296	9485	8	985	1	507	126	51
0	130	16280	9330	7	992	1	513	126	51
0	131	16268	9176	8	1000	1	517	126	51
0	132	16256	9021	7	1007	1	519	126	51
0	133	16245	8854	8	1015	1	523	126	51
0	134	16235	8682	7	1022	1	528	124	52
0	135	16225	8502	8	1030	1	530	124	52
0	136	16218	8317	7	1037	1	531	124	52
0	137	16216	8134	8	1045	1	532	123	52
0	138	16216	7956	8	1053	1	534	123	52
0	139	16216	7787	7	1060	1	536	123	52
0	140	16233	7628	8	1068	1	537	122	53
0	141	16256	7480	7	1075	1	540	122	53
0	142	16288	7339	8	1083	1	539	121	53
0	143	16329	7211	7	1090	1	539	121	53
0	144	16377	7099	8	1098	1	540	119	53
0	145	16434	7004	7	1105	1	535	119	53
0	146	16499	6927	8	1113	1	533	118	54
0	147	16575	6866	7	1120	1	534	118	54
0	148	16664	6823	8	1128	1	539	118	54
0	149	16768	6800	7	1135	1	547	116	53
0	150	16880	6798	8	1143	1	557	116	53
0	151	17002	6802	7	1150	1	572	116	53
0	152	17136	6842	8	1158	1	589	116	53
0	153	17282	6899	7	1165	1	615	116	53
0	154	17449	6973	8	1173	1	636	116	53
0	155	17624	7061	7	1180	1	648	117	54
0	156	17804	7157	8	1188	1	649	117	54
0	157	17982	7260	7	1195	1	634	117	54
0	158	18150	7365	8	1203	1	585	117	54
0	159	18310	7469	7	1210	1	486	117	55
0	160	18448	7573	8	1218	1	168	117	55
0	161	18448	7573	7	1225	0	0	117	55
0	162	18632	7775	8	1233	0	0	118	56
0	163	18669	7868	7	1240	0	0	118	56
0	164	18675	7948	8	1248	0	0	119	56
0	165	18674	8018	7	1255	0	0	119	58
0	166	18629	8075	8	1263	0	0	119	60
0	167	18629	8075	7	1270	0	0	119	60
