Identification :	anonyme	 Operateur : 	Régis	 Id tablette : 	612374849	 Id Curseur : 	 ??? 
2019-02-20	 11-45-43
Fichier origine : 	C:\Users\utilisateur\Desktop\lettre a ecriture normale
Nb segments :	1
Seg	 Num	 X /100 mm	 Y /100 mm	 Interv ms	 Time ms	 Tip 	P	 Az 	 Al
0	0	16881	9971	7	7	0	0	135	82
0	1	16547	10349	8	15	0	0	162	87
0	2	16213	10751	8	23	0	0	236	86
0	3	16154	10774	7	30	0	0	243	88
0	4	16112	10774	8	38	0	0	243	88
0	5	16067	10589	7	45	0	0	243	88
0	6	16022	10483	8	53	0	0	225	89
0	7	15968	10419	7	60	0	0	225	89
0	8	15914	10437	8	68	0	0	225	89
0	9	15862	10466	7	75	0	0	180	89
0	10	15809	10491	8	83	0	0	180	89
0	11	15758	10687	7	90	0	0	180	89
0	12	15705	10698	8	98	0	0	135	89
0	13	15658	10707	7	105	0	0	90	89
0	14	15611	10811	8	113	0	0	90	89
0	15	15564	10821	7	120	0	0	90	88
0	16	15514	10828	8	128	0	0	90	89
0	17	15454	10834	7	135	0	0	90	89
0	18	15383	10837	8	143	0	0	90	89
0	19	15303	10841	7	150	0	0	0	90
0	20	15216	10847	8	158	0	0	0	90
0	21	15128	10849	7	165	0	0	0	90
0	22	15040	10850	8	173	0	0	270	89
0	23	14954	10853	7	180	0	0	270	89
0	24	14871	10856	8	188	0	0	270	88
0	25	14789	10858	7	195	0	0	270	88
0	26	14715	10861	8	203	0	0	270	88
0	27	14643	10864	7	210	0	0	270	87
0	28	14581	10867	8	218	0	0	270	88
0	29	14525	10872	7	225	0	0	270	88
0	30	14477	10876	8	233	0	0	270	88
0	31	14437	10882	7	240	0	0	270	89
0	32	14408	10890	8	248	0	0	0	90
0	33	14382	10895	8	256	0	0	0	90
0	34	14361	10906	7	263	0	0	0	90
0	35	14361	10914	8	271	0	0	90	89
0	36	14361	10924	7	278	0	0	90	88
0	37	14367	10934	8	286	0	0	90	88
0	38	14367	10949	7	293	0	0	90	87
0	39	14361	10961	8	301	0	0	90	87
0	40	14361	10971	7	308	0	0	90	86
0	41	14361	10981	8	316	0	0	90	86
0	42	14362	10990	7	323	0	0	101	85
0	43	14390	10998	8	331	0	0	99	84
0	44	14429	11003	7	338	0	0	106	83
0	45	14477	11012	8	346	0	0	110	81
0	46	14533	11016	7	353	0	0	114	80
0	47	14592	11018	8	361	0	0	116	79
0	48	14628	11021	7	368	0	0	118	78
0	49	14663	11021	8	376	0	0	123	76
0	50	14696	11021	7	383	0	0	124	74
0	51	14728	11021	8	391	0	0	125	73
0	52	14760	11021	7	398	0	0	124	71
0	53	14789	11021	8	406	0	0	127	69
0	54	14818	11021	7	413	0	0	126	67
0	55	14846	11020	8	421	0	0	127	64
0	56	14874	11018	7	428	0	0	127	62
0	57	14903	11015	8	436	0	0	128	59
0	58	14933	11010	7	443	0	0	128	57
0	59	14965	11006	8	451	0	0	127	55
0	60	14997	11002	7	458	0	0	128	53
0	61	15032	10997	8	466	0	0	128	50
0	62	15064	10994	7	473	0	0	127	49
0	63	15094	10990	8	481	0	0	127	48
0	64	15123	10987	8	489	0	0	125	46
0	65	15149	10986	7	496	0	0	125	45
0	66	15171	10986	8	504	0	0	125	44
0	67	15191	10986	7	511	0	0	123	44
0	68	15208	10986	8	519	0	0	123	44
0	69	15220	10992	7	526	0	0	121	44
0	70	15226	11003	8	534	0	0	121	44
0	71	15230	11014	7	541	0	0	120	45
0	72	15230	11014	5136	5677	1	81	120	46
0	73	15230	11037	8	5685	1	94	121	47
0	74	15230	11050	7	5692	1	134	121	48
0	75	15230	11067	8	5700	1	206	122	48
0	76	15230	11085	7	5707	1	262	121	49
0	77	15230	11105	8	5715	1	311	122	50
0	78	15230	11123	8	5723	1	350	122	50
0	79	15230	11143	7	5730	1	380	122	50
0	80	15230	11163	8	5738	1	408	122	50
0	81	15230	11186	7	5745	1	428	122	50
0	82	15229	11210	8	5753	1	448	122	50
0	83	15225	11241	7	5760	1	465	122	50
0	84	15221	11273	8	5768	1	482	122	50
0	85	15215	11306	7	5775	1	497	122	50
0	86	15205	11338	8	5783	1	509	122	50
0	87	15192	11365	7	5790	1	516	122	50
0	88	15173	11389	8	5798	1	527	122	50
0	89	15149	11408	7	5805	1	538	122	50
0	90	15121	11424	8	5813	1	539	122	50
0	91	15085	11436	7	5820	1	543	122	50
0	92	15045	11443	8	5828	1	546	122	50
0	93	14998	11444	7	5835	1	549	123	51
0	94	14945	11444	8	5843	1	549	123	51
0	95	14885	11434	7	5850	1	546	123	51
0	96	14819	11404	8	5858	1	547	123	51
0	97	14746	11360	7	5865	1	547	123	51
0	98	14669	11299	8	5873	1	544	123	51
0	99	14589	11224	7	5880	1	541	123	51
0	100	14510	11130	8	5888	1	538	123	51
0	101	14434	11022	7	5895	1	539	123	51
0	102	14365	10901	8	5903	1	539	123	51
0	103	14301	10768	7	5910	1	540	123	51
0	104	14245	10625	8	5918	1	543	123	51
0	105	14195	10472	7	5925	1	549	122	51
0	106	14151	10309	8	5933	1	557	122	51
0	107	14112	10143	7	5940	1	566	122	51
0	108	14077	9976	8	5948	1	571	121	52
0	109	14047	9810	8	5956	1	574	120	51
0	110	14023	9648	7	5963	1	576	119	51
0	111	14008	9494	8	5971	1	578	119	51
0	112	14002	9352	7	5978	1	576	117	52
0	113	14002	9228	8	5986	1	576	117	52
0	114	14017	9122	7	5993	1	575	116	52
0	115	14053	9037	8	6001	1	575	116	52
0	116	14103	8975	7	6008	1	575	115	52
0	117	14168	8937	8	6016	1	574	115	52
0	118	14245	8926	7	6023	1	575	115	52
0	119	14336	8933	8	6031	1	576	115	52
0	120	14438	8988	7	6038	1	578	114	53
0	121	14549	9073	8	6046	1	577	114	53
0	122	14659	9186	7	6053	1	578	114	53
0	123	14769	9327	8	6061	1	576	114	53
0	124	14874	9491	7	6068	1	571	114	53
0	125	14970	9677	8	6076	1	562	114	53
0	126	15063	9882	7	6083	1	554	116	53
0	127	15148	10101	8	6091	1	548	116	53
0	128	15227	10327	7	6098	1	530	116	53
0	129	15301	10550	8	6106	1	517	117	53
0	130	15367	10766	7	6113	1	509	117	53
0	131	15422	10954	8	6121	1	509	118	53
0	132	15466	11112	7	6128	1	511	118	53
0	133	15496	11234	8	6136	1	515	120	52
0	134	15512	11316	7	6143	1	519	120	52
0	135	15517	11368	8	6151	1	525	119	51
0	136	15517	11397	7	6158	1	530	120	51
0	137	15517	11413	8	6166	1	537	120	51
0	138	15513	11418	7	6173	1	542	120	51
0	139	15504	11418	8	6181	1	543	121	51
0	140	15495	11417	8	6189	1	542	121	51
0	141	15486	11387	7	6196	1	541	121	51
0	142	15476	11337	8	6204	1	543	122	50
0	143	15467	11262	7	6211	1	544	122	50
0	144	15460	11162	8	6219	1	550	122	50
0	145	15456	11042	7	6226	1	559	122	50
0	146	15456	10907	8	6234	1	571	122	50
0	147	15456	10760	7	6241	1	585	122	50
0	148	15456	10604	8	6249	1	598	122	50
0	149	15456	10440	7	6256	1	611	121	51
0	150	15464	10272	8	6264	1	619	121	51
0	151	15476	10104	7	6271	1	626	121	51
0	152	15491	9937	8	6279	1	628	120	51
0	153	15511	9776	7	6286	1	624	120	51
0	154	15533	9616	8	6294	1	623	120	52
0	155	15558	9465	7	6301	1	621	120	52
0	156	15585	9319	8	6309	1	622	118	53
0	157	15615	9177	7	6316	1	622	118	53
0	158	15646	9045	8	6324	1	620	117	53
0	159	15681	8924	7	6331	1	619	117	53
0	160	15720	8820	8	6339	1	620	116	53
0	161	15760	8739	7	6346	1	618	116	53
0	162	15802	8681	8	6354	1	618	117	54
0	163	15845	8643	7	6361	1	618	115	54
0	164	15887	8623	8	6369	1	616	115	54
0	165	15931	8619	7	6376	1	614	114	55
0	166	15976	8619	8	6384	1	616	114	55
0	167	16023	8645	7	6391	1	622	112	55
0	168	16074	8689	8	6399	1	622	112	55
0	169	16130	8744	7	6406	1	620	113	56
0	170	16187	8804	8	6414	1	620	113	56
0	171	16245	8866	8	6422	1	619	113	56
0	172	16299	8924	7	6429	1	618	113	56
0	173	16349	8977	8	6437	1	616	113	56
0	174	16395	9025	7	6444	1	615	115	55
0	175	16439	9068	8	6452	1	614	115	55
0	176	16480	9105	7	6459	1	613	115	55
0	177	16518	9139	8	6467	1	608	115	55
0	178	16552	9170	7	6474	1	587	115	55
0	179	16580	9197	8	6482	1	511	115	55
0	180	16602	9224	7	6489	1	336	116	55
0	181	16602	9224	8	6497	0	0	116	55
0	182	16611	9282	7	6504	0	0	116	55
0	183	16608	9312	8	6512	0	0	116	55
0	184	16592	9343	7	6519	0	0	116	55
0	185	16591	9370	8	6527	0	0	115	54
0	186	16591	9391	7	6534	0	0	115	55
0	187	16591	9391	8	6542	0	0	114	57
0	188	16591	9410	7	6549	0	0	115	60
0	189	16609	9410	8	6557	0	0	115	63
0	190	16658	9410	7	6564	0	0	117	67
0	191	16696	9424	8	6572	0	0	116	70
0	192	16733	9439	7	6579	0	0	116	74
0	193	16771	9439	8	6587	0	0	116	79
0	194	16802	9439	7	6594	0	0	113	82
0	195	16830	9448	8	6602	0	0	124	86
0	196	16830	9453	7	6609	0	0	0	90
